10000
0.001
0.35
-10
2.52
-6
6
1000
POINTS
-4.5 -4.5 -4.5
-4.5 -4.5 -3.5
-4.5 -4.5 -2.5
-4.5 -4.5 -1.5
-4.5 -4.5 -0.5
-4.5 -4.5 0.5
-4.5 -4.5 1.5
-4.5 -4.5 2.5
-4.5 -4.5 3.5
-4.5 -4.5 4.5
-3.5 -4.5 -4.5
-3.5 -4.5 -3.5
-3.5 -4.5 -2.5
-3.5 -4.5 -1.5
-3.5 -4.5 -0.5
-3.5 -4.5 0.5
-3.5 -4.5 1.5
-3.5 -4.5 2.5
-3.5 -4.5 3.5
-3.5 -4.5 4.5
-2.5 -4.5 -4.5
-2.5 -4.5 -3.5
-2.5 -4.5 -2.5
-2.5 -4.5 -1.5
-2.5 -4.5 -0.5
-2.5 -4.5 0.5
-2.5 -4.5 1.5
-2.5 -4.5 2.5
-2.5 -4.5 3.5
-2.5 -4.5 4.5
-1.5 -4.5 -4.5
-1.5 -4.5 -3.5
-1.5 -4.5 -2.5
-1.5 -4.5 -1.5
-1.5 -4.5 -0.5
-1.5 -4.5 0.5
-1.5 -4.5 1.5
-1.5 -4.5 2.5
-1.5 -4.5 3.5
-1.5 -4.5 4.5
-0.5 -4.5 -4.5
-0.5 -4.5 -3.5
-0.5 -4.5 -2.5
-0.5 -4.5 -1.5
-0.5 -4.5 -0.5
-0.5 -4.5 0.5
-0.5 -4.5 1.5
-0.5 -4.5 2.5
-0.5 -4.5 3.5
-0.5 -4.5 4.5
0.5 -4.5 -4.5
0.5 -4.5 -3.5
0.5 -4.5 -2.5
0.5 -4.5 -1.5
0.5 -4.5 -0.5
0.5 -4.5 0.5
0.5 -4.5 1.5
0.5 -4.5 2.5
0.5 -4.5 3.5
0.5 -4.5 4.5
1.5 -4.5 -4.5
1.5 -4.5 -3.5
1.5 -4.5 -2.5
1.5 -4.5 -1.5
1.5 -4.5 -0.5
1.5 -4.5 0.5
1.5 -4.5 1.5
1.5 -4.5 2.5
1.5 -4.5 3.5
1.5 -4.5 4.5
2.5 -4.5 -4.5
2.5 -4.5 -3.5
2.5 -4.5 -2.5
2.5 -4.5 -1.5
2.5 -4.5 -0.5
2.5 -4.5 0.5
2.5 -4.5 1.5
2.5 -4.5 2.5
2.5 -4.5 3.5
2.5 -4.5 4.5
3.5 -4.5 -4.5
3.5 -4.5 -3.5
3.5 -4.5 -2.5
3.5 -4.5 -1.5
3.5 -4.5 -0.5
3.5 -4.5 0.5
3.5 -4.5 1.5
3.5 -4.5 2.5
3.5 -4.5 3.5
3.5 -4.5 4.5
4.5 -4.5 -4.5
4.5 -4.5 -3.5
4.5 -4.5 -2.5
4.5 -4.5 -1.5
4.5 -4.5 -0.5
4.5 -4.5 0.5
4.5 -4.5 1.5
4.5 -4.5 2.5
4.5 -4.5 3.5
4.5 -4.5 4.5
-4.5 -3.5 -4.5
-4.5 -3.5 -3.5
-4.5 -3.5 -2.5
-4.5 -3.5 -1.5
-4.5 -3.5 -0.5
-4.5 -3.5 0.5
-4.5 -3.5 1.5
-4.5 -3.5 2.5
-4.5 -3.5 3.5
-4.5 -3.5 4.5
-3.5 -3.5 -4.5
-3.5 -3.5 -3.5
-3.5 -3.5 -2.5
-3.5 -3.5 -1.5
-3.5 -3.5 -0.5
-3.5 -3.5 0.5
-3.5 -3.5 1.5
-3.5 -3.5 2.5
-3.5 -3.5 3.5
-3.5 -3.5 4.5
-2.5 -3.5 -4.5
-2.5 -3.5 -3.5
-2.5 -3.5 -2.5
-2.5 -3.5 -1.5
-2.5 -3.5 -0.5
-2.5 -3.5 0.5
-2.5 -3.5 1.5
-2.5 -3.5 2.5
-2.5 -3.5 3.5
-2.5 -3.5 4.5
-1.5 -3.5 -4.5
-1.5 -3.5 -3.5
-1.5 -3.5 -2.5
-1.5 -3.5 -1.5
-1.5 -3.5 -0.5
-1.5 -3.5 0.5
-1.5 -3.5 1.5
-1.5 -3.5 2.5
-1.5 -3.5 3.5
-1.5 -3.5 4.5
-0.5 -3.5 -4.5
-0.5 -3.5 -3.5
-0.5 -3.5 -2.5
-0.5 -3.5 -1.5
-0.5 -3.5 -0.5
-0.5 -3.5 0.5
-0.5 -3.5 1.5
-0.5 -3.5 2.5
-0.5 -3.5 3.5
-0.5 -3.5 4.5
0.5 -3.5 -4.5
0.5 -3.5 -3.5
0.5 -3.5 -2.5
0.5 -3.5 -1.5
0.5 -3.5 -0.5
0.5 -3.5 0.5
0.5 -3.5 1.5
0.5 -3.5 2.5
0.5 -3.5 3.5
0.5 -3.5 4.5
1.5 -3.5 -4.5
1.5 -3.5 -3.5
1.5 -3.5 -2.5
1.5 -3.5 -1.5
1.5 -3.5 -0.5
1.5 -3.5 0.5
1.5 -3.5 1.5
1.5 -3.5 2.5
1.5 -3.5 3.5
1.5 -3.5 4.5
2.5 -3.5 -4.5
2.5 -3.5 -3.5
2.5 -3.5 -2.5
2.5 -3.5 -1.5
2.5 -3.5 -0.5
2.5 -3.5 0.5
2.5 -3.5 1.5
2.5 -3.5 2.5
2.5 -3.5 3.5
2.5 -3.5 4.5
3.5 -3.5 -4.5
3.5 -3.5 -3.5
3.5 -3.5 -2.5
3.5 -3.5 -1.5
3.5 -3.5 -0.5
3.5 -3.5 0.5
3.5 -3.5 1.5
3.5 -3.5 2.5
3.5 -3.5 3.5
3.5 -3.5 4.5
4.5 -3.5 -4.5
4.5 -3.5 -3.5
4.5 -3.5 -2.5
4.5 -3.5 -1.5
4.5 -3.5 -0.5
4.5 -3.5 0.5
4.5 -3.5 1.5
4.5 -3.5 2.5
4.5 -3.5 3.5
4.5 -3.5 4.5
-4.5 -2.5 -4.5
-4.5 -2.5 -3.5
-4.5 -2.5 -2.5
-4.5 -2.5 -1.5
-4.5 -2.5 -0.5
-4.5 -2.5 0.5
-4.5 -2.5 1.5
-4.5 -2.5 2.5
-4.5 -2.5 3.5
-4.5 -2.5 4.5
-3.5 -2.5 -4.5
-3.5 -2.5 -3.5
-3.5 -2.5 -2.5
-3.5 -2.5 -1.5
-3.5 -2.5 -0.5
-3.5 -2.5 0.5
-3.5 -2.5 1.5
-3.5 -2.5 2.5
-3.5 -2.5 3.5
-3.5 -2.5 4.5
-2.5 -2.5 -4.5
-2.5 -2.5 -3.5
-2.5 -2.5 -2.5
-2.5 -2.5 -1.5
-2.5 -2.5 -0.5
-2.5 -2.5 0.5
-2.5 -2.5 1.5
-2.5 -2.5 2.5
-2.5 -2.5 3.5
-2.5 -2.5 4.5
-1.5 -2.5 -4.5
-1.5 -2.5 -3.5
-1.5 -2.5 -2.5
-1.5 -2.5 -1.5
-1.5 -2.5 -0.5
-1.5 -2.5 0.5
-1.5 -2.5 1.5
-1.5 -2.5 2.5
-1.5 -2.5 3.5
-1.5 -2.5 4.5
-0.5 -2.5 -4.5
-0.5 -2.5 -3.5
-0.5 -2.5 -2.5
-0.5 -2.5 -1.5
-0.5 -2.5 -0.5
-0.5 -2.5 0.5
-0.5 -2.5 1.5
-0.5 -2.5 2.5
-0.5 -2.5 3.5
-0.5 -2.5 4.5
0.5 -2.5 -4.5
0.5 -2.5 -3.5
0.5 -2.5 -2.5
0.5 -2.5 -1.5
0.5 -2.5 -0.5
0.5 -2.5 0.5
0.5 -2.5 1.5
0.5 -2.5 2.5
0.5 -2.5 3.5
0.5 -2.5 4.5
1.5 -2.5 -4.5
1.5 -2.5 -3.5
1.5 -2.5 -2.5
1.5 -2.5 -1.5
1.5 -2.5 -0.5
1.5 -2.5 0.5
1.5 -2.5 1.5
1.5 -2.5 2.5
1.5 -2.5 3.5
1.5 -2.5 4.5
2.5 -2.5 -4.5
2.5 -2.5 -3.5
2.5 -2.5 -2.5
2.5 -2.5 -1.5
2.5 -2.5 -0.5
2.5 -2.5 0.5
2.5 -2.5 1.5
2.5 -2.5 2.5
2.5 -2.5 3.5
2.5 -2.5 4.5
3.5 -2.5 -4.5
3.5 -2.5 -3.5
3.5 -2.5 -2.5
3.5 -2.5 -1.5
3.5 -2.5 -0.5
3.5 -2.5 0.5
3.5 -2.5 1.5
3.5 -2.5 2.5
3.5 -2.5 3.5
3.5 -2.5 4.5
4.5 -2.5 -4.5
4.5 -2.5 -3.5
4.5 -2.5 -2.5
4.5 -2.5 -1.5
4.5 -2.5 -0.5
4.5 -2.5 0.5
4.5 -2.5 1.5
4.5 -2.5 2.5
4.5 -2.5 3.5
4.5 -2.5 4.5
-4.5 -1.5 -4.5
-4.5 -1.5 -3.5
-4.5 -1.5 -2.5
-4.5 -1.5 -1.5
-4.5 -1.5 -0.5
-4.5 -1.5 0.5
-4.5 -1.5 1.5
-4.5 -1.5 2.5
-4.5 -1.5 3.5
-4.5 -1.5 4.5
-3.5 -1.5 -4.5
-3.5 -1.5 -3.5
-3.5 -1.5 -2.5
-3.5 -1.5 -1.5
-3.5 -1.5 -0.5
-3.5 -1.5 0.5
-3.5 -1.5 1.5
-3.5 -1.5 2.5
-3.5 -1.5 3.5
-3.5 -1.5 4.5
-2.5 -1.5 -4.5
-2.5 -1.5 -3.5
-2.5 -1.5 -2.5
-2.5 -1.5 -1.5
-2.5 -1.5 -0.5
-2.5 -1.5 0.5
-2.5 -1.5 1.5
-2.5 -1.5 2.5
-2.5 -1.5 3.5
-2.5 -1.5 4.5
-1.5 -1.5 -4.5
-1.5 -1.5 -3.5
-1.5 -1.5 -2.5
-1.5 -1.5 -1.5
-1.5 -1.5 -0.5
-1.5 -1.5 0.5
-1.5 -1.5 1.5
-1.5 -1.5 2.5
-1.5 -1.5 3.5
-1.5 -1.5 4.5
-0.5 -1.5 -4.5
-0.5 -1.5 -3.5
-0.5 -1.5 -2.5
-0.5 -1.5 -1.5
-0.5 -1.5 -0.5
-0.5 -1.5 0.5
-0.5 -1.5 1.5
-0.5 -1.5 2.5
-0.5 -1.5 3.5
-0.5 -1.5 4.5
0.5 -1.5 -4.5
0.5 -1.5 -3.5
0.5 -1.5 -2.5
0.5 -1.5 -1.5
0.5 -1.5 -0.5
0.5 -1.5 0.5
0.5 -1.5 1.5
0.5 -1.5 2.5
0.5 -1.5 3.5
0.5 -1.5 4.5
1.5 -1.5 -4.5
1.5 -1.5 -3.5
1.5 -1.5 -2.5
1.5 -1.5 -1.5
1.5 -1.5 -0.5
1.5 -1.5 0.5
1.5 -1.5 1.5
1.5 -1.5 2.5
1.5 -1.5 3.5
1.5 -1.5 4.5
2.5 -1.5 -4.5
2.5 -1.5 -3.5
2.5 -1.5 -2.5
2.5 -1.5 -1.5
2.5 -1.5 -0.5
2.5 -1.5 0.5
2.5 -1.5 1.5
2.5 -1.5 2.5
2.5 -1.5 3.5
2.5 -1.5 4.5
3.5 -1.5 -4.5
3.5 -1.5 -3.5
3.5 -1.5 -2.5
3.5 -1.5 -1.5
3.5 -1.5 -0.5
3.5 -1.5 0.5
3.5 -1.5 1.5
3.5 -1.5 2.5
3.5 -1.5 3.5
3.5 -1.5 4.5
4.5 -1.5 -4.5
4.5 -1.5 -3.5
4.5 -1.5 -2.5
4.5 -1.5 -1.5
4.5 -1.5 -0.5
4.5 -1.5 0.5
4.5 -1.5 1.5
4.5 -1.5 2.5
4.5 -1.5 3.5
4.5 -1.5 4.5
-4.5 -0.5 -4.5
-4.5 -0.5 -3.5
-4.5 -0.5 -2.5
-4.5 -0.5 -1.5
-4.5 -0.5 -0.5
-4.5 -0.5 0.5
-4.5 -0.5 1.5
-4.5 -0.5 2.5
-4.5 -0.5 3.5
-4.5 -0.5 4.5
-3.5 -0.5 -4.5
-3.5 -0.5 -3.5
-3.5 -0.5 -2.5
-3.5 -0.5 -1.5
-3.5 -0.5 -0.5
-3.5 -0.5 0.5
-3.5 -0.5 1.5
-3.5 -0.5 2.5
-3.5 -0.5 3.5
-3.5 -0.5 4.5
-2.5 -0.5 -4.5
-2.5 -0.5 -3.5
-2.5 -0.5 -2.5
-2.5 -0.5 -1.5
-2.5 -0.5 -0.5
-2.5 -0.5 0.5
-2.5 -0.5 1.5
-2.5 -0.5 2.5
-2.5 -0.5 3.5
-2.5 -0.5 4.5
-1.5 -0.5 -4.5
-1.5 -0.5 -3.5
-1.5 -0.5 -2.5
-1.5 -0.5 -1.5
-1.5 -0.5 -0.5
-1.5 -0.5 0.5
-1.5 -0.5 1.5
-1.5 -0.5 2.5
-1.5 -0.5 3.5
-1.5 -0.5 4.5
-0.5 -0.5 -4.5
-0.5 -0.5 -3.5
-0.5 -0.5 -2.5
-0.5 -0.5 -1.5
-0.5 -0.5 -0.5
-0.5 -0.5 0.5
-0.5 -0.5 1.5
-0.5 -0.5 2.5
-0.5 -0.5 3.5
-0.5 -0.5 4.5
0.5 -0.5 -4.5
0.5 -0.5 -3.5
0.5 -0.5 -2.5
0.5 -0.5 -1.5
0.5 -0.5 -0.5
0.5 -0.5 0.5
0.5 -0.5 1.5
0.5 -0.5 2.5
0.5 -0.5 3.5
0.5 -0.5 4.5
1.5 -0.5 -4.5
1.5 -0.5 -3.5
1.5 -0.5 -2.5
1.5 -0.5 -1.5
1.5 -0.5 -0.5
1.5 -0.5 0.5
1.5 -0.5 1.5
1.5 -0.5 2.5
1.5 -0.5 3.5
1.5 -0.5 4.5
2.5 -0.5 -4.5
2.5 -0.5 -3.5
2.5 -0.5 -2.5
2.5 -0.5 -1.5
2.5 -0.5 -0.5
2.5 -0.5 0.5
2.5 -0.5 1.5
2.5 -0.5 2.5
2.5 -0.5 3.5
2.5 -0.5 4.5
3.5 -0.5 -4.5
3.5 -0.5 -3.5
3.5 -0.5 -2.5
3.5 -0.5 -1.5
3.5 -0.5 -0.5
3.5 -0.5 0.5
3.5 -0.5 1.5
3.5 -0.5 2.5
3.5 -0.5 3.5
3.5 -0.5 4.5
4.5 -0.5 -4.5
4.5 -0.5 -3.5
4.5 -0.5 -2.5
4.5 -0.5 -1.5
4.5 -0.5 -0.5
4.5 -0.5 0.5
4.5 -0.5 1.5
4.5 -0.5 2.5
4.5 -0.5 3.5
4.5 -0.5 4.5
-4.5 0.5 -4.5
-4.5 0.5 -3.5
-4.5 0.5 -2.5
-4.5 0.5 -1.5
-4.5 0.5 -0.5
-4.5 0.5 0.5
-4.5 0.5 1.5
-4.5 0.5 2.5
-4.5 0.5 3.5
-4.5 0.5 4.5
-3.5 0.5 -4.5
-3.5 0.5 -3.5
-3.5 0.5 -2.5
-3.5 0.5 -1.5
-3.5 0.5 -0.5
-3.5 0.5 0.5
-3.5 0.5 1.5
-3.5 0.5 2.5
-3.5 0.5 3.5
-3.5 0.5 4.5
-2.5 0.5 -4.5
-2.5 0.5 -3.5
-2.5 0.5 -2.5
-2.5 0.5 -1.5
-2.5 0.5 -0.5
-2.5 0.5 0.5
-2.5 0.5 1.5
-2.5 0.5 2.5
-2.5 0.5 3.5
-2.5 0.5 4.5
-1.5 0.5 -4.5
-1.5 0.5 -3.5
-1.5 0.5 -2.5
-1.5 0.5 -1.5
-1.5 0.5 -0.5
-1.5 0.5 0.5
-1.5 0.5 1.5
-1.5 0.5 2.5
-1.5 0.5 3.5
-1.5 0.5 4.5
-0.5 0.5 -4.5
-0.5 0.5 -3.5
-0.5 0.5 -2.5
-0.5 0.5 -1.5
-0.5 0.5 -0.5
-0.5 0.5 0.5
-0.5 0.5 1.5
-0.5 0.5 2.5
-0.5 0.5 3.5
-0.5 0.5 4.5
0.5 0.5 -4.5
0.5 0.5 -3.5
0.5 0.5 -2.5
0.5 0.5 -1.5
0.5 0.5 -0.5
0.5 0.5 0.5
0.5 0.5 1.5
0.5 0.5 2.5
0.5 0.5 3.5
0.5 0.5 4.5
1.5 0.5 -4.5
1.5 0.5 -3.5
1.5 0.5 -2.5
1.5 0.5 -1.5
1.5 0.5 -0.5
1.5 0.5 0.5
1.5 0.5 1.5
1.5 0.5 2.5
1.5 0.5 3.5
1.5 0.5 4.5
2.5 0.5 -4.5
2.5 0.5 -3.5
2.5 0.5 -2.5
2.5 0.5 -1.5
2.5 0.5 -0.5
2.5 0.5 0.5
2.5 0.5 1.5
2.5 0.5 2.5
2.5 0.5 3.5
2.5 0.5 4.5
3.5 0.5 -4.5
3.5 0.5 -3.5
3.5 0.5 -2.5
3.5 0.5 -1.5
3.5 0.5 -0.5
3.5 0.5 0.5
3.5 0.5 1.5
3.5 0.5 2.5
3.5 0.5 3.5
3.5 0.5 4.5
4.5 0.5 -4.5
4.5 0.5 -3.5
4.5 0.5 -2.5
4.5 0.5 -1.5
4.5 0.5 -0.5
4.5 0.5 0.5
4.5 0.5 1.5
4.5 0.5 2.5
4.5 0.5 3.5
4.5 0.5 4.5
-4.5 1.5 -4.5
-4.5 1.5 -3.5
-4.5 1.5 -2.5
-4.5 1.5 -1.5
-4.5 1.5 -0.5
-4.5 1.5 0.5
-4.5 1.5 1.5
-4.5 1.5 2.5
-4.5 1.5 3.5
-4.5 1.5 4.5
-3.5 1.5 -4.5
-3.5 1.5 -3.5
-3.5 1.5 -2.5
-3.5 1.5 -1.5
-3.5 1.5 -0.5
-3.5 1.5 0.5
-3.5 1.5 1.5
-3.5 1.5 2.5
-3.5 1.5 3.5
-3.5 1.5 4.5
-2.5 1.5 -4.5
-2.5 1.5 -3.5
-2.5 1.5 -2.5
-2.5 1.5 -1.5
-2.5 1.5 -0.5
-2.5 1.5 0.5
-2.5 1.5 1.5
-2.5 1.5 2.5
-2.5 1.5 3.5
-2.5 1.5 4.5
-1.5 1.5 -4.5
-1.5 1.5 -3.5
-1.5 1.5 -2.5
-1.5 1.5 -1.5
-1.5 1.5 -0.5
-1.5 1.5 0.5
-1.5 1.5 1.5
-1.5 1.5 2.5
-1.5 1.5 3.5
-1.5 1.5 4.5
-0.5 1.5 -4.5
-0.5 1.5 -3.5
-0.5 1.5 -2.5
-0.5 1.5 -1.5
-0.5 1.5 -0.5
-0.5 1.5 0.5
-0.5 1.5 1.5
-0.5 1.5 2.5
-0.5 1.5 3.5
-0.5 1.5 4.5
0.5 1.5 -4.5
0.5 1.5 -3.5
0.5 1.5 -2.5
0.5 1.5 -1.5
0.5 1.5 -0.5
0.5 1.5 0.5
0.5 1.5 1.5
0.5 1.5 2.5
0.5 1.5 3.5
0.5 1.5 4.5
1.5 1.5 -4.5
1.5 1.5 -3.5
1.5 1.5 -2.5
1.5 1.5 -1.5
1.5 1.5 -0.5
1.5 1.5 0.5
1.5 1.5 1.5
1.5 1.5 2.5
1.5 1.5 3.5
1.5 1.5 4.5
2.5 1.5 -4.5
2.5 1.5 -3.5
2.5 1.5 -2.5
2.5 1.5 -1.5
2.5 1.5 -0.5
2.5 1.5 0.5
2.5 1.5 1.5
2.5 1.5 2.5
2.5 1.5 3.5
2.5 1.5 4.5
3.5 1.5 -4.5
3.5 1.5 -3.5
3.5 1.5 -2.5
3.5 1.5 -1.5
3.5 1.5 -0.5
3.5 1.5 0.5
3.5 1.5 1.5
3.5 1.5 2.5
3.5 1.5 3.5
3.5 1.5 4.5
4.5 1.5 -4.5
4.5 1.5 -3.5
4.5 1.5 -2.5
4.5 1.5 -1.5
4.5 1.5 -0.5
4.5 1.5 0.5
4.5 1.5 1.5
4.5 1.5 2.5
4.5 1.5 3.5
4.5 1.5 4.5
-4.5 2.5 -4.5
-4.5 2.5 -3.5
-4.5 2.5 -2.5
-4.5 2.5 -1.5
-4.5 2.5 -0.5
-4.5 2.5 0.5
-4.5 2.5 1.5
-4.5 2.5 2.5
-4.5 2.5 3.5
-4.5 2.5 4.5
-3.5 2.5 -4.5
-3.5 2.5 -3.5
-3.5 2.5 -2.5
-3.5 2.5 -1.5
-3.5 2.5 -0.5
-3.5 2.5 0.5
-3.5 2.5 1.5
-3.5 2.5 2.5
-3.5 2.5 3.5
-3.5 2.5 4.5
-2.5 2.5 -4.5
-2.5 2.5 -3.5
-2.5 2.5 -2.5
-2.5 2.5 -1.5
-2.5 2.5 -0.5
-2.5 2.5 0.5
-2.5 2.5 1.5
-2.5 2.5 2.5
-2.5 2.5 3.5
-2.5 2.5 4.5
-1.5 2.5 -4.5
-1.5 2.5 -3.5
-1.5 2.5 -2.5
-1.5 2.5 -1.5
-1.5 2.5 -0.5
-1.5 2.5 0.5
-1.5 2.5 1.5
-1.5 2.5 2.5
-1.5 2.5 3.5
-1.5 2.5 4.5
-0.5 2.5 -4.5
-0.5 2.5 -3.5
-0.5 2.5 -2.5
-0.5 2.5 -1.5
-0.5 2.5 -0.5
-0.5 2.5 0.5
-0.5 2.5 1.5
-0.5 2.5 2.5
-0.5 2.5 3.5
-0.5 2.5 4.5
0.5 2.5 -4.5
0.5 2.5 -3.5
0.5 2.5 -2.5
0.5 2.5 -1.5
0.5 2.5 -0.5
0.5 2.5 0.5
0.5 2.5 1.5
0.5 2.5 2.5
0.5 2.5 3.5
0.5 2.5 4.5
1.5 2.5 -4.5
1.5 2.5 -3.5
1.5 2.5 -2.5
1.5 2.5 -1.5
1.5 2.5 -0.5
1.5 2.5 0.5
1.5 2.5 1.5
1.5 2.5 2.5
1.5 2.5 3.5
1.5 2.5 4.5
2.5 2.5 -4.5
2.5 2.5 -3.5
2.5 2.5 -2.5
2.5 2.5 -1.5
2.5 2.5 -0.5
2.5 2.5 0.5
2.5 2.5 1.5
2.5 2.5 2.5
2.5 2.5 3.5
2.5 2.5 4.5
3.5 2.5 -4.5
3.5 2.5 -3.5
3.5 2.5 -2.5
3.5 2.5 -1.5
3.5 2.5 -0.5
3.5 2.5 0.5
3.5 2.5 1.5
3.5 2.5 2.5
3.5 2.5 3.5
3.5 2.5 4.5
4.5 2.5 -4.5
4.5 2.5 -3.5
4.5 2.5 -2.5
4.5 2.5 -1.5
4.5 2.5 -0.5
4.5 2.5 0.5
4.5 2.5 1.5
4.5 2.5 2.5
4.5 2.5 3.5
4.5 2.5 4.5
-4.5 3.5 -4.5
-4.5 3.5 -3.5
-4.5 3.5 -2.5
-4.5 3.5 -1.5
-4.5 3.5 -0.5
-4.5 3.5 0.5
-4.5 3.5 1.5
-4.5 3.5 2.5
-4.5 3.5 3.5
-4.5 3.5 4.5
-3.5 3.5 -4.5
-3.5 3.5 -3.5
-3.5 3.5 -2.5
-3.5 3.5 -1.5
-3.5 3.5 -0.5
-3.5 3.5 0.5
-3.5 3.5 1.5
-3.5 3.5 2.5
-3.5 3.5 3.5
-3.5 3.5 4.5
-2.5 3.5 -4.5
-2.5 3.5 -3.5
-2.5 3.5 -2.5
-2.5 3.5 -1.5
-2.5 3.5 -0.5
-2.5 3.5 0.5
-2.5 3.5 1.5
-2.5 3.5 2.5
-2.5 3.5 3.5
-2.5 3.5 4.5
-1.5 3.5 -4.5
-1.5 3.5 -3.5
-1.5 3.5 -2.5
-1.5 3.5 -1.5
-1.5 3.5 -0.5
-1.5 3.5 0.5
-1.5 3.5 1.5
-1.5 3.5 2.5
-1.5 3.5 3.5
-1.5 3.5 4.5
-0.5 3.5 -4.5
-0.5 3.5 -3.5
-0.5 3.5 -2.5
-0.5 3.5 -1.5
-0.5 3.5 -0.5
-0.5 3.5 0.5
-0.5 3.5 1.5
-0.5 3.5 2.5
-0.5 3.5 3.5
-0.5 3.5 4.5
0.5 3.5 -4.5
0.5 3.5 -3.5
0.5 3.5 -2.5
0.5 3.5 -1.5
0.5 3.5 -0.5
0.5 3.5 0.5
0.5 3.5 1.5
0.5 3.5 2.5
0.5 3.5 3.5
0.5 3.5 4.5
1.5 3.5 -4.5
1.5 3.5 -3.5
1.5 3.5 -2.5
1.5 3.5 -1.5
1.5 3.5 -0.5
1.5 3.5 0.5
1.5 3.5 1.5
1.5 3.5 2.5
1.5 3.5 3.5
1.5 3.5 4.5
2.5 3.5 -4.5
2.5 3.5 -3.5
2.5 3.5 -2.5
2.5 3.5 -1.5
2.5 3.5 -0.5
2.5 3.5 0.5
2.5 3.5 1.5
2.5 3.5 2.5
2.5 3.5 3.5
2.5 3.5 4.5
3.5 3.5 -4.5
3.5 3.5 -3.5
3.5 3.5 -2.5
3.5 3.5 -1.5
3.5 3.5 -0.5
3.5 3.5 0.5
3.5 3.5 1.5
3.5 3.5 2.5
3.5 3.5 3.5
3.5 3.5 4.5
4.5 3.5 -4.5
4.5 3.5 -3.5
4.5 3.5 -2.5
4.5 3.5 -1.5
4.5 3.5 -0.5
4.5 3.5 0.5
4.5 3.5 1.5
4.5 3.5 2.5
4.5 3.5 3.5
4.5 3.5 4.5
-4.5 4.5 -4.5
-4.5 4.5 -3.5
-4.5 4.5 -2.5
-4.5 4.5 -1.5
-4.5 4.5 -0.5
-4.5 4.5 0.5
-4.5 4.5 1.5
-4.5 4.5 2.5
-4.5 4.5 3.5
-4.5 4.5 4.5
-3.5 4.5 -4.5
-3.5 4.5 -3.5
-3.5 4.5 -2.5
-3.5 4.5 -1.5
-3.5 4.5 -0.5
-3.5 4.5 0.5
-3.5 4.5 1.5
-3.5 4.5 2.5
-3.5 4.5 3.5
-3.5 4.5 4.5
-2.5 4.5 -4.5
-2.5 4.5 -3.5
-2.5 4.5 -2.5
-2.5 4.5 -1.5
-2.5 4.5 -0.5
-2.5 4.5 0.5
-2.5 4.5 1.5
-2.5 4.5 2.5
-2.5 4.5 3.5
-2.5 4.5 4.5
-1.5 4.5 -4.5
-1.5 4.5 -3.5
-1.5 4.5 -2.5
-1.5 4.5 -1.5
-1.5 4.5 -0.5
-1.5 4.5 0.5
-1.5 4.5 1.5
-1.5 4.5 2.5
-1.5 4.5 3.5
-1.5 4.5 4.5
-0.5 4.5 -4.5
-0.5 4.5 -3.5
-0.5 4.5 -2.5
-0.5 4.5 -1.5
-0.5 4.5 -0.5
-0.5 4.5 0.5
-0.5 4.5 1.5
-0.5 4.5 2.5
-0.5 4.5 3.5
-0.5 4.5 4.5
0.5 4.5 -4.5
0.5 4.5 -3.5
0.5 4.5 -2.5
0.5 4.5 -1.5
0.5 4.5 -0.5
0.5 4.5 0.5
0.5 4.5 1.5
0.5 4.5 2.5
0.5 4.5 3.5
0.5 4.5 4.5
1.5 4.5 -4.5
1.5 4.5 -3.5
1.5 4.5 -2.5
1.5 4.5 -1.5
1.5 4.5 -0.5
1.5 4.5 0.5
1.5 4.5 1.5
1.5 4.5 2.5
1.5 4.5 3.5
1.5 4.5 4.5
2.5 4.5 -4.5
2.5 4.5 -3.5
2.5 4.5 -2.5
2.5 4.5 -1.5
2.5 4.5 -0.5
2.5 4.5 0.5
2.5 4.5 1.5
2.5 4.5 2.5
2.5 4.5 3.5
2.5 4.5 4.5
3.5 4.5 -4.5
3.5 4.5 -3.5
3.5 4.5 -2.5
3.5 4.5 -1.5
3.5 4.5 -0.5
3.5 4.5 0.5
3.5 4.5 1.5
3.5 4.5 2.5
3.5 4.5 3.5
3.5 4.5 4.5
4.5 4.5 -4.5
4.5 4.5 -3.5
4.5 4.5 -2.5
4.5 4.5 -1.5
4.5 4.5 -0.5
4.5 4.5 0.5
4.5 4.5 1.5
4.5 4.5 2.5
4.5 4.5 3.5
4.5 4.5 4.5
MASS
1.0
1.0
1.0
1.0
1.0
1.0
1.0
1.0
1.0
1.0
1.0
1.0
1.0
1.0
1.0
1.0
1.0
1.0
1.0
1.0
1.0
1.0
1.0
1.0
1.0
1.0
1.0
1.0
1.0
1.0
1.0
1.0
1.0
1.0
1.0
1.0
1.0
1.0
1.0
1.0
1.0
1.0
1.0
1.0
1.0
1.0
1.0
1.0
1.0
1.0
1.0
1.0
1.0
1.0
1.0
1.0
1.0
1.0
1.0
1.0
1.0
1.0
1.0
1.0
1.0
1.0
1.0
1.0
1.0
1.0
1.0
1.0
1.0
1.0
1.0
1.0
1.0
1.0
1.0
1.0
1.0
1.0
1.0
1.0
1.0
1.0
1.0
1.0
1.0
1.0
1.0
1.0
1.0
1.0
1.0
1.0
1.0
1.0
1.0
1.0
1.0
1.0
1.0
1.0
1.0
1.0
1.0
1.0
1.0
1.0
1.0
1.0
1.0
1.0
1.0
1.0
1.0
1.0
1.0
1.0
1.0
1.0
1.0
1.0
1.0
1.0
1.0
1.0
1.0
1.0
1.0
1.0
1.0
1.0
1.0
1.0
1.0
1.0
1.0
1.0
1.0
1.0
1.0
1.0
1.0
1.0
1.0
1.0
1.0
1.0
1.0
1.0
1.0
1.0
1.0
1.0
1.0
1.0
1.0
1.0
1.0
1.0
1.0
1.0
1.0
1.0
1.0
1.0
1.0
1.0
1.0
1.0
1.0
1.0
1.0
1.0
1.0
1.0
1.0
1.0
1.0
1.0
1.0
1.0
1.0
1.0
1.0
1.0
1.0
1.0
1.0
1.0
1.0
1.0
1.0
1.0
1.0
1.0
1.0
1.0
1.0
1.0
1.0
1.0
1.0
1.0
1.0
1.0
1.0
1.0
1.0
1.0
1.0
1.0
1.0
1.0
1.0
1.0
1.0
1.0
1.0
1.0
1.0
1.0
1.0
1.0
1.0
1.0
1.0
1.0
1.0
1.0
1.0
1.0
1.0
1.0
1.0
1.0
1.0
1.0
1.0
1.0
1.0
1.0
1.0
1.0
1.0
1.0
1.0
1.0
1.0
1.0
1.0
1.0
1.0
1.0
1.0
1.0
1.0
1.0
1.0
1.0
1.0
1.0
1.0
1.0
1.0
1.0
1.0
1.0
1.0
1.0
1.0
1.0
1.0
1.0
1.0
1.0
1.0
1.0
1.0
1.0
1.0
1.0
1.0
1.0
1.0
1.0
1.0
1.0
1.0
1.0
1.0
1.0
1.0
1.0
1.0
1.0
1.0
1.0
1.0
1.0
1.0
1.0
1.0
1.0
1.0
1.0
1.0
1.0
1.0
1.0
1.0
1.0
1.0
1.0
1.0
1.0
1.0
1.0
1.0
1.0
1.0
1.0
1.0
1.0
1.0
1.0
1.0
1.0
1.0
1.0
1.0
1.0
1.0
1.0
1.0
1.0
1.0
1.0
1.0
1.0
1.0
1.0
1.0
1.0
1.0
1.0
1.0
1.0
1.0
1.0
1.0
1.0
1.0
1.0
1.0
1.0
1.0
1.0
1.0
1.0
1.0
1.0
1.0
1.0
1.0
1.0
1.0
1.0
1.0
1.0
1.0
1.0
1.0
1.0
1.0
1.0
1.0
1.0
1.0
1.0
1.0
1.0
1.0
1.0
1.0
1.0
1.0
1.0
1.0
1.0
1.0
1.0
1.0
1.0
1.0
1.0
1.0
1.0
1.0
1.0
1.0
1.0
1.0
1.0
1.0
1.0
1.0
1.0
1.0
1.0
1.0
1.0
1.0
1.0
1.0
1.0
1.0
1.0
1.0
1.0
1.0
1.0
1.0
1.0
1.0
1.0
1.0
1.0
1.0
1.0
1.0
1.0
1.0
1.0
1.0
1.0
1.0
1.0
1.0
1.0
1.0
1.0
1.0
1.0
1.0
1.0
1.0
1.0
1.0
1.0
1.0
1.0
1.0
1.0
1.0
1.0
1.0
1.0
1.0
1.0
1.0
1.0
1.0
1.0
1.0
1.0
1.0
1.0
1.0
1.0
1.0
1.0
1.0
1.0
1.0
1.0
1.0
1.0
1.0
1.0
1.0
1.0
1.0
1.0
1.0
1.0
1.0
1.0
1.0
1.0
1.0
1.0
1.0
1.0
1.0
1.0
1.0
1.0
1.0
1.0
1.0
1.0
1.0
1.0
1.0
1.0
1.0
1.0
1.0
1.0
1.0
1.0
1.0
1.0
1.0
1.0
1.0
1.0
1.0
1.0
1.0
1.0
1.0
1.0
1.0
1.0
1.0
1.0
1.0
1.0
1.0
1.0
1.0
1.0
1.0
1.0
1.0
1.0
1.0
1.0
1.0
1.0
1.0
1.0
1.0
1.0
1.0
1.0
1.0
1.0
1.0
1.0
1.0
1.0
1.0
1.0
1.0
1.0
1.0
1.0
1.0
1.0
1.0
1.0
1.0
1.0
1.0
1.0
1.0
1.0
1.0
1.0
1.0
1.0
1.0
1.0
1.0
1.0
1.0
1.0
1.0
1.0
1.0
1.0
1.0
1.0
1.0
1.0
1.0
1.0
1.0
1.0
1.0
1.0
1.0
1.0
1.0
1.0
1.0
1.0
1.0
1.0
1.0
1.0
1.0
1.0
1.0
1.0
1.0
1.0
1.0
1.0
1.0
1.0
1.0
1.0
1.0
1.0
1.0
1.0
1.0
1.0
1.0
1.0
1.0
1.0
1.0
1.0
1.0
1.0
1.0
1.0
1.0
1.0
1.0
1.0
1.0
1.0
1.0
1.0
1.0
1.0
1.0
1.0
1.0
1.0
1.0
1.0
1.0
1.0
1.0
1.0
1.0
1.0
1.0
1.0
1.0
1.0
1.0
1.0
1.0
1.0
1.0
1.0
1.0
1.0
1.0
1.0
1.0
1.0
1.0
1.0
1.0
1.0
1.0
1.0
1.0
1.0
1.0
1.0
1.0
1.0
1.0
1.0
1.0
1.0
1.0
1.0
1.0
1.0
1.0
1.0
1.0
1.0
1.0
1.0
1.0
1.0
1.0
1.0
1.0
1.0
1.0
1.0
1.0
1.0
1.0
1.0
1.0
1.0
1.0
1.0
1.0
1.0
1.0
1.0
1.0
1.0
1.0
1.0
1.0
1.0
1.0
1.0
1.0
1.0
1.0
1.0
1.0
1.0
1.0
1.0
1.0
1.0
1.0
1.0
1.0
1.0
1.0
1.0
1.0
1.0
1.0
1.0
1.0
1.0
1.0
1.0
1.0
1.0
1.0
1.0
1.0
1.0
1.0
1.0
1.0
1.0
1.0
1.0
1.0
1.0
1.0
1.0
1.0
1.0
1.0
1.0
1.0
1.0
1.0
1.0
1.0
1.0
1.0
1.0
1.0
1.0
1.0
1.0
1.0
1.0
1.0
1.0
1.0
1.0
1.0
1.0
1.0
1.0
1.0
1.0
1.0
1.0
1.0
1.0
1.0
1.0
1.0
1.0
1.0
1.0
1.0
1.0
1.0
1.0
1.0
1.0
1.0
1.0
1.0
1.0
1.0
1.0
1.0
1.0
1.0
1.0
1.0
1.0
1.0
1.0
1.0
1.0
1.0
1.0
1.0
1.0
1.0
1.0
1.0
1.0
1.0
1.0
1.0
1.0
1.0
1.0
1.0
1.0
1.0
1.0
1.0
1.0
1.0
1.0
1.0
1.0
1.0
1.0
1.0
1.0
1.0
1.0
1.0
1.0
1.0
1.0
1.0
1.0
1.0
1.0
1.0
1.0
1.0
1.0
1.0
1.0
1.0
1.0
1.0
1.0
1.0
1.0
1.0
1.0
1.0
1.0
1.0
1.0
1.0
1.0
1.0
1.0
1.0
1.0
1.0
1.0
1.0
1.0
1.0
1.0
1.0
1.0
1.0
1.0
1.0
1.0
1.0
1.0
1.0
1.0
1.0
1.0
1.0
1.0
1.0
1.0
1.0
1.0
1.0
1.0
1.0
1.0
1.0
1.0
1.0
1.0
1.0
1.0
1.0
1.0
1.0
1.0
1.0
1.0
1.0
1.0
1.0
1.0
1.0
1.0
1.0
1.0
1.0
1.0
1.0
1.0
1.0
1.0
1.0
1.0
1.0
1.0
1.0
1.0
1.0
1.0
1.0
1.0
1.0
1.0
1.0
1.0
1.0
1.0
1.0
1.0
1.0
1.0
1.0
1.0
1.0
1.0
1.0
1.0
1.0
1.0
1.0
1.0
1.0
1.0
1.0
1.0
1.0
1.0
1.0
1.0
1.0
1.0
1.0
1.0
1.0
1.0
1.0
1.0
1.0
1.0
1.0
1.0
1.0
1.0
1.0
1.0
1.0
1.0
1.0
1.0
VELOCITY
0.18 0.18 0.18
0.18 0.18 0.14
0.18 0.18 0.1
0.18 0.18 0.06
0.18 0.18 0.02
0.18 0.18 -0.02
0.18 0.18 -0.06
0.18 0.18 -0.1
0.18 0.18 -0.14
0.18 0.18 -0.18
0.14 0.18 0.18
0.14 0.18 0.14
0.14 0.18 0.1
0.14 0.18 0.06
0.14 0.18 0.02
0.14 0.18 -0.02
0.14 0.18 -0.06
0.14 0.18 -0.1
0.14 0.18 -0.14
0.14 0.18 -0.18
0.1 0.18 0.18
0.1 0.18 0.14
0.1 0.18 0.1
0.1 0.18 0.06
0.1 0.18 0.02
0.1 0.18 -0.02
0.1 0.18 -0.06
0.1 0.18 -0.1
0.1 0.18 -0.14
0.1 0.18 -0.18
0.06 0.18 0.18
0.06 0.18 0.14
0.06 0.18 0.1
0.06 0.18 0.06
0.06 0.18 0.02
0.06 0.18 -0.02
0.06 0.18 -0.06
0.06 0.18 -0.1
0.06 0.18 -0.14
0.06 0.18 -0.18
0.02 0.18 0.18
0.02 0.18 0.14
0.02 0.18 0.1
0.02 0.18 0.06
0.02 0.18 0.02
0.02 0.18 -0.02
0.02 0.18 -0.06
0.02 0.18 -0.1
0.02 0.18 -0.14
0.02 0.18 -0.18
-0.02 0.18 0.18
-0.02 0.18 0.14
-0.02 0.18 0.1
-0.02 0.18 0.06
-0.02 0.18 0.02
-0.02 0.18 -0.02
-0.02 0.18 -0.06
-0.02 0.18 -0.1
-0.02 0.18 -0.14
-0.02 0.18 -0.18
-0.06 0.18 0.18
-0.06 0.18 0.14
-0.06 0.18 0.1
-0.06 0.18 0.06
-0.06 0.18 0.02
-0.06 0.18 -0.02
-0.06 0.18 -0.06
-0.06 0.18 -0.1
-0.06 0.18 -0.14
-0.06 0.18 -0.18
-0.1 0.18 0.18
-0.1 0.18 0.14
-0.1 0.18 0.1
-0.1 0.18 0.06
-0.1 0.18 0.02
-0.1 0.18 -0.02
-0.1 0.18 -0.06
-0.1 0.18 -0.1
-0.1 0.18 -0.14
-0.1 0.18 -0.18
-0.14 0.18 0.18
-0.14 0.18 0.14
-0.14 0.18 0.1
-0.14 0.18 0.06
-0.14 0.18 0.02
-0.14 0.18 -0.02
-0.14 0.18 -0.06
-0.14 0.18 -0.1
-0.14 0.18 -0.14
-0.14 0.18 -0.18
-0.18 0.18 0.18
-0.18 0.18 0.14
-0.18 0.18 0.1
-0.18 0.18 0.06
-0.18 0.18 0.02
-0.18 0.18 -0.02
-0.18 0.18 -0.06
-0.18 0.18 -0.1
-0.18 0.18 -0.14
-0.18 0.18 -0.18
0.18 0.14 0.18
0.18 0.14 0.14
0.18 0.14 0.1
0.18 0.14 0.06
0.18 0.14 0.02
0.18 0.14 -0.02
0.18 0.14 -0.06
0.18 0.14 -0.1
0.18 0.14 -0.14
0.18 0.14 -0.18
0.14 0.14 0.18
0.14 0.14 0.14
0.14 0.14 0.1
0.14 0.14 0.06
0.14 0.14 0.02
0.14 0.14 -0.02
0.14 0.14 -0.06
0.14 0.14 -0.1
0.14 0.14 -0.14
0.14 0.14 -0.18
0.1 0.14 0.18
0.1 0.14 0.14
0.1 0.14 0.1
0.1 0.14 0.06
0.1 0.14 0.02
0.1 0.14 -0.02
0.1 0.14 -0.06
0.1 0.14 -0.1
0.1 0.14 -0.14
0.1 0.14 -0.18
0.06 0.14 0.18
0.06 0.14 0.14
0.06 0.14 0.1
0.06 0.14 0.06
0.06 0.14 0.02
0.06 0.14 -0.02
0.06 0.14 -0.06
0.06 0.14 -0.1
0.06 0.14 -0.14
0.06 0.14 -0.18
0.02 0.14 0.18
0.02 0.14 0.14
0.02 0.14 0.1
0.02 0.14 0.06
0.02 0.14 0.02
0.02 0.14 -0.02
0.02 0.14 -0.06
0.02 0.14 -0.1
0.02 0.14 -0.14
0.02 0.14 -0.18
-0.02 0.14 0.18
-0.02 0.14 0.14
-0.02 0.14 0.1
-0.02 0.14 0.06
-0.02 0.14 0.02
-0.02 0.14 -0.02
-0.02 0.14 -0.06
-0.02 0.14 -0.1
-0.02 0.14 -0.14
-0.02 0.14 -0.18
-0.06 0.14 0.18
-0.06 0.14 0.14
-0.06 0.14 0.1
-0.06 0.14 0.06
-0.06 0.14 0.02
-0.06 0.14 -0.02
-0.06 0.14 -0.06
-0.06 0.14 -0.1
-0.06 0.14 -0.14
-0.06 0.14 -0.18
-0.1 0.14 0.18
-0.1 0.14 0.14
-0.1 0.14 0.1
-0.1 0.14 0.06
-0.1 0.14 0.02
-0.1 0.14 -0.02
-0.1 0.14 -0.06
-0.1 0.14 -0.1
-0.1 0.14 -0.14
-0.1 0.14 -0.18
-0.14 0.14 0.18
-0.14 0.14 0.14
-0.14 0.14 0.1
-0.14 0.14 0.06
-0.14 0.14 0.02
-0.14 0.14 -0.02
-0.14 0.14 -0.06
-0.14 0.14 -0.1
-0.14 0.14 -0.14
-0.14 0.14 -0.18
-0.18 0.14 0.18
-0.18 0.14 0.14
-0.18 0.14 0.1
-0.18 0.14 0.06
-0.18 0.14 0.02
-0.18 0.14 -0.02
-0.18 0.14 -0.06
-0.18 0.14 -0.1
-0.18 0.14 -0.14
-0.18 0.14 -0.18
0.18 0.1 0.18
0.18 0.1 0.14
0.18 0.1 0.1
0.18 0.1 0.06
0.18 0.1 0.02
0.18 0.1 -0.02
0.18 0.1 -0.06
0.18 0.1 -0.1
0.18 0.1 -0.14
0.18 0.1 -0.18
0.14 0.1 0.18
0.14 0.1 0.14
0.14 0.1 0.1
0.14 0.1 0.06
0.14 0.1 0.02
0.14 0.1 -0.02
0.14 0.1 -0.06
0.14 0.1 -0.1
0.14 0.1 -0.14
0.14 0.1 -0.18
0.1 0.1 0.18
0.1 0.1 0.14
0.1 0.1 0.1
0.1 0.1 0.06
0.1 0.1 0.02
0.1 0.1 -0.02
0.1 0.1 -0.06
0.1 0.1 -0.1
0.1 0.1 -0.14
0.1 0.1 -0.18
0.06 0.1 0.18
0.06 0.1 0.14
0.06 0.1 0.1
0.06 0.1 0.06
0.06 0.1 0.02
0.06 0.1 -0.02
0.06 0.1 -0.06
0.06 0.1 -0.1
0.06 0.1 -0.14
0.06 0.1 -0.18
0.02 0.1 0.18
0.02 0.1 0.14
0.02 0.1 0.1
0.02 0.1 0.06
0.02 0.1 0.02
0.02 0.1 -0.02
0.02 0.1 -0.06
0.02 0.1 -0.1
0.02 0.1 -0.14
0.02 0.1 -0.18
-0.02 0.1 0.18
-0.02 0.1 0.14
-0.02 0.1 0.1
-0.02 0.1 0.06
-0.02 0.1 0.02
-0.02 0.1 -0.02
-0.02 0.1 -0.06
-0.02 0.1 -0.1
-0.02 0.1 -0.14
-0.02 0.1 -0.18
-0.06 0.1 0.18
-0.06 0.1 0.14
-0.06 0.1 0.1
-0.06 0.1 0.06
-0.06 0.1 0.02
-0.06 0.1 -0.02
-0.06 0.1 -0.06
-0.06 0.1 -0.1
-0.06 0.1 -0.14
-0.06 0.1 -0.18
-0.1 0.1 0.18
-0.1 0.1 0.14
-0.1 0.1 0.1
-0.1 0.1 0.06
-0.1 0.1 0.02
-0.1 0.1 -0.02
-0.1 0.1 -0.06
-0.1 0.1 -0.1
-0.1 0.1 -0.14
-0.1 0.1 -0.18
-0.14 0.1 0.18
-0.14 0.1 0.14
-0.14 0.1 0.1
-0.14 0.1 0.06
-0.14 0.1 0.02
-0.14 0.1 -0.02
-0.14 0.1 -0.06
-0.14 0.1 -0.1
-0.14 0.1 -0.14
-0.14 0.1 -0.18
-0.18 0.1 0.18
-0.18 0.1 0.14
-0.18 0.1 0.1
-0.18 0.1 0.06
-0.18 0.1 0.02
-0.18 0.1 -0.02
-0.18 0.1 -0.06
-0.18 0.1 -0.1
-0.18 0.1 -0.14
-0.18 0.1 -0.18
0.18 0.06 0.18
0.18 0.06 0.14
0.18 0.06 0.1
0.18 0.06 0.06
0.18 0.06 0.02
0.18 0.06 -0.02
0.18 0.06 -0.06
0.18 0.06 -0.1
0.18 0.06 -0.14
0.18 0.06 -0.18
0.14 0.06 0.18
0.14 0.06 0.14
0.14 0.06 0.1
0.14 0.06 0.06
0.14 0.06 0.02
0.14 0.06 -0.02
0.14 0.06 -0.06
0.14 0.06 -0.1
0.14 0.06 -0.14
0.14 0.06 -0.18
0.1 0.06 0.18
0.1 0.06 0.14
0.1 0.06 0.1
0.1 0.06 0.06
0.1 0.06 0.02
0.1 0.06 -0.02
0.1 0.06 -0.06
0.1 0.06 -0.1
0.1 0.06 -0.14
0.1 0.06 -0.18
0.06 0.06 0.18
0.06 0.06 0.14
0.06 0.06 0.1
0.06 0.06 0.06
0.06 0.06 0.02
0.06 0.06 -0.02
0.06 0.06 -0.06
0.06 0.06 -0.1
0.06 0.06 -0.14
0.06 0.06 -0.18
0.02 0.06 0.18
0.02 0.06 0.14
0.02 0.06 0.1
0.02 0.06 0.06
0.02 0.06 0.02
0.02 0.06 -0.02
0.02 0.06 -0.06
0.02 0.06 -0.1
0.02 0.06 -0.14
0.02 0.06 -0.18
-0.02 0.06 0.18
-0.02 0.06 0.14
-0.02 0.06 0.1
-0.02 0.06 0.06
-0.02 0.06 0.02
-0.02 0.06 -0.02
-0.02 0.06 -0.06
-0.02 0.06 -0.1
-0.02 0.06 -0.14
-0.02 0.06 -0.18
-0.06 0.06 0.18
-0.06 0.06 0.14
-0.06 0.06 0.1
-0.06 0.06 0.06
-0.06 0.06 0.02
-0.06 0.06 -0.02
-0.06 0.06 -0.06
-0.06 0.06 -0.1
-0.06 0.06 -0.14
-0.06 0.06 -0.18
-0.1 0.06 0.18
-0.1 0.06 0.14
-0.1 0.06 0.1
-0.1 0.06 0.06
-0.1 0.06 0.02
-0.1 0.06 -0.02
-0.1 0.06 -0.06
-0.1 0.06 -0.1
-0.1 0.06 -0.14
-0.1 0.06 -0.18
-0.14 0.06 0.18
-0.14 0.06 0.14
-0.14 0.06 0.1
-0.14 0.06 0.06
-0.14 0.06 0.02
-0.14 0.06 -0.02
-0.14 0.06 -0.06
-0.14 0.06 -0.1
-0.14 0.06 -0.14
-0.14 0.06 -0.18
-0.18 0.06 0.18
-0.18 0.06 0.14
-0.18 0.06 0.1
-0.18 0.06 0.06
-0.18 0.06 0.02
-0.18 0.06 -0.02
-0.18 0.06 -0.06
-0.18 0.06 -0.1
-0.18 0.06 -0.14
-0.18 0.06 -0.18
0.18 0.02 0.18
0.18 0.02 0.14
0.18 0.02 0.1
0.18 0.02 0.06
0.18 0.02 0.02
0.18 0.02 -0.02
0.18 0.02 -0.06
0.18 0.02 -0.1
0.18 0.02 -0.14
0.18 0.02 -0.18
0.14 0.02 0.18
0.14 0.02 0.14
0.14 0.02 0.1
0.14 0.02 0.06
0.14 0.02 0.02
0.14 0.02 -0.02
0.14 0.02 -0.06
0.14 0.02 -0.1
0.14 0.02 -0.14
0.14 0.02 -0.18
0.1 0.02 0.18
0.1 0.02 0.14
0.1 0.02 0.1
0.1 0.02 0.06
0.1 0.02 0.02
0.1 0.02 -0.02
0.1 0.02 -0.06
0.1 0.02 -0.1
0.1 0.02 -0.14
0.1 0.02 -0.18
0.06 0.02 0.18
0.06 0.02 0.14
0.06 0.02 0.1
0.06 0.02 0.06
0.06 0.02 0.02
0.06 0.02 -0.02
0.06 0.02 -0.06
0.06 0.02 -0.1
0.06 0.02 -0.14
0.06 0.02 -0.18
0.02 0.02 0.18
0.02 0.02 0.14
0.02 0.02 0.1
0.02 0.02 0.06
0.02 0.02 0.02
0.02 0.02 -0.02
0.02 0.02 -0.06
0.02 0.02 -0.1
0.02 0.02 -0.14
0.02 0.02 -0.18
-0.02 0.02 0.18
-0.02 0.02 0.14
-0.02 0.02 0.1
-0.02 0.02 0.06
-0.02 0.02 0.02
-0.02 0.02 -0.02
-0.02 0.02 -0.06
-0.02 0.02 -0.1
-0.02 0.02 -0.14
-0.02 0.02 -0.18
-0.06 0.02 0.18
-0.06 0.02 0.14
-0.06 0.02 0.1
-0.06 0.02 0.06
-0.06 0.02 0.02
-0.06 0.02 -0.02
-0.06 0.02 -0.06
-0.06 0.02 -0.1
-0.06 0.02 -0.14
-0.06 0.02 -0.18
-0.1 0.02 0.18
-0.1 0.02 0.14
-0.1 0.02 0.1
-0.1 0.02 0.06
-0.1 0.02 0.02
-0.1 0.02 -0.02
-0.1 0.02 -0.06
-0.1 0.02 -0.1
-0.1 0.02 -0.14
-0.1 0.02 -0.18
-0.14 0.02 0.18
-0.14 0.02 0.14
-0.14 0.02 0.1
-0.14 0.02 0.06
-0.14 0.02 0.02
-0.14 0.02 -0.02
-0.14 0.02 -0.06
-0.14 0.02 -0.1
-0.14 0.02 -0.14
-0.14 0.02 -0.18
-0.18 0.02 0.18
-0.18 0.02 0.14
-0.18 0.02 0.1
-0.18 0.02 0.06
-0.18 0.02 0.02
-0.18 0.02 -0.02
-0.18 0.02 -0.06
-0.18 0.02 -0.1
-0.18 0.02 -0.14
-0.18 0.02 -0.18
0.18 -0.02 0.18
0.18 -0.02 0.14
0.18 -0.02 0.1
0.18 -0.02 0.06
0.18 -0.02 0.02
0.18 -0.02 -0.02
0.18 -0.02 -0.06
0.18 -0.02 -0.1
0.18 -0.02 -0.14
0.18 -0.02 -0.18
0.14 -0.02 0.18
0.14 -0.02 0.14
0.14 -0.02 0.1
0.14 -0.02 0.06
0.14 -0.02 0.02
0.14 -0.02 -0.02
0.14 -0.02 -0.06
0.14 -0.02 -0.1
0.14 -0.02 -0.14
0.14 -0.02 -0.18
0.1 -0.02 0.18
0.1 -0.02 0.14
0.1 -0.02 0.1
0.1 -0.02 0.06
0.1 -0.02 0.02
0.1 -0.02 -0.02
0.1 -0.02 -0.06
0.1 -0.02 -0.1
0.1 -0.02 -0.14
0.1 -0.02 -0.18
0.06 -0.02 0.18
0.06 -0.02 0.14
0.06 -0.02 0.1
0.06 -0.02 0.06
0.06 -0.02 0.02
0.06 -0.02 -0.02
0.06 -0.02 -0.06
0.06 -0.02 -0.1
0.06 -0.02 -0.14
0.06 -0.02 -0.18
0.02 -0.02 0.18
0.02 -0.02 0.14
0.02 -0.02 0.1
0.02 -0.02 0.06
0.02 -0.02 0.02
0.02 -0.02 -0.02
0.02 -0.02 -0.06
0.02 -0.02 -0.1
0.02 -0.02 -0.14
0.02 -0.02 -0.18
-0.02 -0.02 0.18
-0.02 -0.02 0.14
-0.02 -0.02 0.1
-0.02 -0.02 0.06
-0.02 -0.02 0.02
-0.02 -0.02 -0.02
-0.02 -0.02 -0.06
-0.02 -0.02 -0.1
-0.02 -0.02 -0.14
-0.02 -0.02 -0.18
-0.06 -0.02 0.18
-0.06 -0.02 0.14
-0.06 -0.02 0.1
-0.06 -0.02 0.06
-0.06 -0.02 0.02
-0.06 -0.02 -0.02
-0.06 -0.02 -0.06
-0.06 -0.02 -0.1
-0.06 -0.02 -0.14
-0.06 -0.02 -0.18
-0.1 -0.02 0.18
-0.1 -0.02 0.14
-0.1 -0.02 0.1
-0.1 -0.02 0.06
-0.1 -0.02 0.02
-0.1 -0.02 -0.02
-0.1 -0.02 -0.06
-0.1 -0.02 -0.1
-0.1 -0.02 -0.14
-0.1 -0.02 -0.18
-0.14 -0.02 0.18
-0.14 -0.02 0.14
-0.14 -0.02 0.1
-0.14 -0.02 0.06
-0.14 -0.02 0.02
-0.14 -0.02 -0.02
-0.14 -0.02 -0.06
-0.14 -0.02 -0.1
-0.14 -0.02 -0.14
-0.14 -0.02 -0.18
-0.18 -0.02 0.18
-0.18 -0.02 0.14
-0.18 -0.02 0.1
-0.18 -0.02 0.06
-0.18 -0.02 0.02
-0.18 -0.02 -0.02
-0.18 -0.02 -0.06
-0.18 -0.02 -0.1
-0.18 -0.02 -0.14
-0.18 -0.02 -0.18
0.18 -0.06 0.18
0.18 -0.06 0.14
0.18 -0.06 0.1
0.18 -0.06 0.06
0.18 -0.06 0.02
0.18 -0.06 -0.02
0.18 -0.06 -0.06
0.18 -0.06 -0.1
0.18 -0.06 -0.14
0.18 -0.06 -0.18
0.14 -0.06 0.18
0.14 -0.06 0.14
0.14 -0.06 0.1
0.14 -0.06 0.06
0.14 -0.06 0.02
0.14 -0.06 -0.02
0.14 -0.06 -0.06
0.14 -0.06 -0.1
0.14 -0.06 -0.14
0.14 -0.06 -0.18
0.1 -0.06 0.18
0.1 -0.06 0.14
0.1 -0.06 0.1
0.1 -0.06 0.06
0.1 -0.06 0.02
0.1 -0.06 -0.02
0.1 -0.06 -0.06
0.1 -0.06 -0.1
0.1 -0.06 -0.14
0.1 -0.06 -0.18
0.06 -0.06 0.18
0.06 -0.06 0.14
0.06 -0.06 0.1
0.06 -0.06 0.06
0.06 -0.06 0.02
0.06 -0.06 -0.02
0.06 -0.06 -0.06
0.06 -0.06 -0.1
0.06 -0.06 -0.14
0.06 -0.06 -0.18
0.02 -0.06 0.18
0.02 -0.06 0.14
0.02 -0.06 0.1
0.02 -0.06 0.06
0.02 -0.06 0.02
0.02 -0.06 -0.02
0.02 -0.06 -0.06
0.02 -0.06 -0.1
0.02 -0.06 -0.14
0.02 -0.06 -0.18
-0.02 -0.06 0.18
-0.02 -0.06 0.14
-0.02 -0.06 0.1
-0.02 -0.06 0.06
-0.02 -0.06 0.02
-0.02 -0.06 -0.02
-0.02 -0.06 -0.06
-0.02 -0.06 -0.1
-0.02 -0.06 -0.14
-0.02 -0.06 -0.18
-0.06 -0.06 0.18
-0.06 -0.06 0.14
-0.06 -0.06 0.1
-0.06 -0.06 0.06
-0.06 -0.06 0.02
-0.06 -0.06 -0.02
-0.06 -0.06 -0.06
-0.06 -0.06 -0.1
-0.06 -0.06 -0.14
-0.06 -0.06 -0.18
-0.1 -0.06 0.18
-0.1 -0.06 0.14
-0.1 -0.06 0.1
-0.1 -0.06 0.06
-0.1 -0.06 0.02
-0.1 -0.06 -0.02
-0.1 -0.06 -0.06
-0.1 -0.06 -0.1
-0.1 -0.06 -0.14
-0.1 -0.06 -0.18
-0.14 -0.06 0.18
-0.14 -0.06 0.14
-0.14 -0.06 0.1
-0.14 -0.06 0.06
-0.14 -0.06 0.02
-0.14 -0.06 -0.02
-0.14 -0.06 -0.06
-0.14 -0.06 -0.1
-0.14 -0.06 -0.14
-0.14 -0.06 -0.18
-0.18 -0.06 0.18
-0.18 -0.06 0.14
-0.18 -0.06 0.1
-0.18 -0.06 0.06
-0.18 -0.06 0.02
-0.18 -0.06 -0.02
-0.18 -0.06 -0.06
-0.18 -0.06 -0.1
-0.18 -0.06 -0.14
-0.18 -0.06 -0.18
0.18 -0.1 0.18
0.18 -0.1 0.14
0.18 -0.1 0.1
0.18 -0.1 0.06
0.18 -0.1 0.02
0.18 -0.1 -0.02
0.18 -0.1 -0.06
0.18 -0.1 -0.1
0.18 -0.1 -0.14
0.18 -0.1 -0.18
0.14 -0.1 0.18
0.14 -0.1 0.14
0.14 -0.1 0.1
0.14 -0.1 0.06
0.14 -0.1 0.02
0.14 -0.1 -0.02
0.14 -0.1 -0.06
0.14 -0.1 -0.1
0.14 -0.1 -0.14
0.14 -0.1 -0.18
0.1 -0.1 0.18
0.1 -0.1 0.14
0.1 -0.1 0.1
0.1 -0.1 0.06
0.1 -0.1 0.02
0.1 -0.1 -0.02
0.1 -0.1 -0.06
0.1 -0.1 -0.1
0.1 -0.1 -0.14
0.1 -0.1 -0.18
0.06 -0.1 0.18
0.06 -0.1 0.14
0.06 -0.1 0.1
0.06 -0.1 0.06
0.06 -0.1 0.02
0.06 -0.1 -0.02
0.06 -0.1 -0.06
0.06 -0.1 -0.1
0.06 -0.1 -0.14
0.06 -0.1 -0.18
0.02 -0.1 0.18
0.02 -0.1 0.14
0.02 -0.1 0.1
0.02 -0.1 0.06
0.02 -0.1 0.02
0.02 -0.1 -0.02
0.02 -0.1 -0.06
0.02 -0.1 -0.1
0.02 -0.1 -0.14
0.02 -0.1 -0.18
-0.02 -0.1 0.18
-0.02 -0.1 0.14
-0.02 -0.1 0.1
-0.02 -0.1 0.06
-0.02 -0.1 0.02
-0.02 -0.1 -0.02
-0.02 -0.1 -0.06
-0.02 -0.1 -0.1
-0.02 -0.1 -0.14
-0.02 -0.1 -0.18
-0.06 -0.1 0.18
-0.06 -0.1 0.14
-0.06 -0.1 0.1
-0.06 -0.1 0.06
-0.06 -0.1 0.02
-0.06 -0.1 -0.02
-0.06 -0.1 -0.06
-0.06 -0.1 -0.1
-0.06 -0.1 -0.14
-0.06 -0.1 -0.18
-0.1 -0.1 0.18
-0.1 -0.1 0.14
-0.1 -0.1 0.1
-0.1 -0.1 0.06
-0.1 -0.1 0.02
-0.1 -0.1 -0.02
-0.1 -0.1 -0.06
-0.1 -0.1 -0.1
-0.1 -0.1 -0.14
-0.1 -0.1 -0.18
-0.14 -0.1 0.18
-0.14 -0.1 0.14
-0.14 -0.1 0.1
-0.14 -0.1 0.06
-0.14 -0.1 0.02
-0.14 -0.1 -0.02
-0.14 -0.1 -0.06
-0.14 -0.1 -0.1
-0.14 -0.1 -0.14
-0.14 -0.1 -0.18
-0.18 -0.1 0.18
-0.18 -0.1 0.14
-0.18 -0.1 0.1
-0.18 -0.1 0.06
-0.18 -0.1 0.02
-0.18 -0.1 -0.02
-0.18 -0.1 -0.06
-0.18 -0.1 -0.1
-0.18 -0.1 -0.14
-0.18 -0.1 -0.18
0.18 -0.14 0.18
0.18 -0.14 0.14
0.18 -0.14 0.1
0.18 -0.14 0.06
0.18 -0.14 0.02
0.18 -0.14 -0.02
0.18 -0.14 -0.06
0.18 -0.14 -0.1
0.18 -0.14 -0.14
0.18 -0.14 -0.18
0.14 -0.14 0.18
0.14 -0.14 0.14
0.14 -0.14 0.1
0.14 -0.14 0.06
0.14 -0.14 0.02
0.14 -0.14 -0.02
0.14 -0.14 -0.06
0.14 -0.14 -0.1
0.14 -0.14 -0.14
0.14 -0.14 -0.18
0.1 -0.14 0.18
0.1 -0.14 0.14
0.1 -0.14 0.1
0.1 -0.14 0.06
0.1 -0.14 0.02
0.1 -0.14 -0.02
0.1 -0.14 -0.06
0.1 -0.14 -0.1
0.1 -0.14 -0.14
0.1 -0.14 -0.18
0.06 -0.14 0.18
0.06 -0.14 0.14
0.06 -0.14 0.1
0.06 -0.14 0.06
0.06 -0.14 0.02
0.06 -0.14 -0.02
0.06 -0.14 -0.06
0.06 -0.14 -0.1
0.06 -0.14 -0.14
0.06 -0.14 -0.18
0.02 -0.14 0.18
0.02 -0.14 0.14
0.02 -0.14 0.1
0.02 -0.14 0.06
0.02 -0.14 0.02
0.02 -0.14 -0.02
0.02 -0.14 -0.06
0.02 -0.14 -0.1
0.02 -0.14 -0.14
0.02 -0.14 -0.18
-0.02 -0.14 0.18
-0.02 -0.14 0.14
-0.02 -0.14 0.1
-0.02 -0.14 0.06
-0.02 -0.14 0.02
-0.02 -0.14 -0.02
-0.02 -0.14 -0.06
-0.02 -0.14 -0.1
-0.02 -0.14 -0.14
-0.02 -0.14 -0.18
-0.06 -0.14 0.18
-0.06 -0.14 0.14
-0.06 -0.14 0.1
-0.06 -0.14 0.06
-0.06 -0.14 0.02
-0.06 -0.14 -0.02
-0.06 -0.14 -0.06
-0.06 -0.14 -0.1
-0.06 -0.14 -0.14
-0.06 -0.14 -0.18
-0.1 -0.14 0.18
-0.1 -0.14 0.14
-0.1 -0.14 0.1
-0.1 -0.14 0.06
-0.1 -0.14 0.02
-0.1 -0.14 -0.02
-0.1 -0.14 -0.06
-0.1 -0.14 -0.1
-0.1 -0.14 -0.14
-0.1 -0.14 -0.18
-0.14 -0.14 0.18
-0.14 -0.14 0.14
-0.14 -0.14 0.1
-0.14 -0.14 0.06
-0.14 -0.14 0.02
-0.14 -0.14 -0.02
-0.14 -0.14 -0.06
-0.14 -0.14 -0.1
-0.14 -0.14 -0.14
-0.14 -0.14 -0.18
-0.18 -0.14 0.18
-0.18 -0.14 0.14
-0.18 -0.14 0.1
-0.18 -0.14 0.06
-0.18 -0.14 0.02
-0.18 -0.14 -0.02
-0.18 -0.14 -0.06
-0.18 -0.14 -0.1
-0.18 -0.14 -0.14
-0.18 -0.14 -0.18
0.18 -0.18 0.18
0.18 -0.18 0.14
0.18 -0.18 0.1
0.18 -0.18 0.06
0.18 -0.18 0.02
0.18 -0.18 -0.02
0.18 -0.18 -0.06
0.18 -0.18 -0.1
0.18 -0.18 -0.14
0.18 -0.18 -0.18
0.14 -0.18 0.18
0.14 -0.18 0.14
0.14 -0.18 0.1
0.14 -0.18 0.06
0.14 -0.18 0.02
0.14 -0.18 -0.02
0.14 -0.18 -0.06
0.14 -0.18 -0.1
0.14 -0.18 -0.14
0.14 -0.18 -0.18
0.1 -0.18 0.18
0.1 -0.18 0.14
0.1 -0.18 0.1
0.1 -0.18 0.06
0.1 -0.18 0.02
0.1 -0.18 -0.02
0.1 -0.18 -0.06
0.1 -0.18 -0.1
0.1 -0.18 -0.14
0.1 -0.18 -0.18
0.06 -0.18 0.18
0.06 -0.18 0.14
0.06 -0.18 0.1
0.06 -0.18 0.06
0.06 -0.18 0.02
0.06 -0.18 -0.02
0.06 -0.18 -0.06
0.06 -0.18 -0.1
0.06 -0.18 -0.14
0.06 -0.18 -0.18
0.02 -0.18 0.18
0.02 -0.18 0.14
0.02 -0.18 0.1
0.02 -0.18 0.06
0.02 -0.18 0.02
0.02 -0.18 -0.02
0.02 -0.18 -0.06
0.02 -0.18 -0.1
0.02 -0.18 -0.14
0.02 -0.18 -0.18
-0.02 -0.18 0.18
-0.02 -0.18 0.14
-0.02 -0.18 0.1
-0.02 -0.18 0.06
-0.02 -0.18 0.02
-0.02 -0.18 -0.02
-0.02 -0.18 -0.06
-0.02 -0.18 -0.1
-0.02 -0.18 -0.14
-0.02 -0.18 -0.18
-0.06 -0.18 0.18
-0.06 -0.18 0.14
-0.06 -0.18 0.1
-0.06 -0.18 0.06
-0.06 -0.18 0.02
-0.06 -0.18 -0.02
-0.06 -0.18 -0.06
-0.06 -0.18 -0.1
-0.06 -0.18 -0.14
-0.06 -0.18 -0.18
-0.1 -0.18 0.18
-0.1 -0.18 0.14
-0.1 -0.18 0.1
-0.1 -0.18 0.06
-0.1 -0.18 0.02
-0.1 -0.18 -0.02
-0.1 -0.18 -0.06
-0.1 -0.18 -0.1
-0.1 -0.18 -0.14
-0.1 -0.18 -0.18
-0.14 -0.18 0.18
-0.14 -0.18 0.14
-0.14 -0.18 0.1
-0.14 -0.18 0.06
-0.14 -0.18 0.02
-0.14 -0.18 -0.02
-0.14 -0.18 -0.06
-0.14 -0.18 -0.1
-0.14 -0.18 -0.14
-0.14 -0.18 -0.18
-0.18 -0.18 0.18
-0.18 -0.18 0.14
-0.18 -0.18 0.1
-0.18 -0.18 0.06
-0.18 -0.18 0.02
-0.18 -0.18 -0.02
-0.18 -0.18 -0.06
-0.18 -0.18 -0.1
-0.18 -0.18 -0.14
-0.18 -0.18 -0.18
