10000
0.001
0.35
-10
2.52
-4
4
216
POINTS
-2.5 -2.5 -2.5
-2.5 -2.5 -1.5
-2.5 -2.5 -0.5
-2.5 -2.5 0.5
-2.5 -2.5 1.5
-2.5 -2.5 2.5
-1.5 -2.5 -2.5
-1.5 -2.5 -1.5
-1.5 -2.5 -0.5
-1.5 -2.5 0.5
-1.5 -2.5 1.5
-1.5 -2.5 2.5
-0.5 -2.5 -2.5
-0.5 -2.5 -1.5
-0.5 -2.5 -0.5
-0.5 -2.5 0.5
-0.5 -2.5 1.5
-0.5 -2.5 2.5
0.5 -2.5 -2.5
0.5 -2.5 -1.5
0.5 -2.5 -0.5
0.5 -2.5 0.5
0.5 -2.5 1.5
0.5 -2.5 2.5
1.5 -2.5 -2.5
1.5 -2.5 -1.5
1.5 -2.5 -0.5
1.5 -2.5 0.5
1.5 -2.5 1.5
1.5 -2.5 2.5
2.5 -2.5 -2.5
2.5 -2.5 -1.5
2.5 -2.5 -0.5
2.5 -2.5 0.5
2.5 -2.5 1.5
2.5 -2.5 2.5
-2.5 -1.5 -2.5
-2.5 -1.5 -1.5
-2.5 -1.5 -0.5
-2.5 -1.5 0.5
-2.5 -1.5 1.5
-2.5 -1.5 2.5
-1.5 -1.5 -2.5
-1.5 -1.5 -1.5
-1.5 -1.5 -0.5
-1.5 -1.5 0.5
-1.5 -1.5 1.5
-1.5 -1.5 2.5
-0.5 -1.5 -2.5
-0.5 -1.5 -1.5
-0.5 -1.5 -0.5
-0.5 -1.5 0.5
-0.5 -1.5 1.5
-0.5 -1.5 2.5
0.5 -1.5 -2.5
0.5 -1.5 -1.5
0.5 -1.5 -0.5
0.5 -1.5 0.5
0.5 -1.5 1.5
0.5 -1.5 2.5
1.5 -1.5 -2.5
1.5 -1.5 -1.5
1.5 -1.5 -0.5
1.5 -1.5 0.5
1.5 -1.5 1.5
1.5 -1.5 2.5
2.5 -1.5 -2.5
2.5 -1.5 -1.5
2.5 -1.5 -0.5
2.5 -1.5 0.5
2.5 -1.5 1.5
2.5 -1.5 2.5
-2.5 -0.5 -2.5
-2.5 -0.5 -1.5
-2.5 -0.5 -0.5
-2.5 -0.5 0.5
-2.5 -0.5 1.5
-2.5 -0.5 2.5
-1.5 -0.5 -2.5
-1.5 -0.5 -1.5
-1.5 -0.5 -0.5
-1.5 -0.5 0.5
-1.5 -0.5 1.5
-1.5 -0.5 2.5
-0.5 -0.5 -2.5
-0.5 -0.5 -1.5
-0.5 -0.5 -0.5
-0.5 -0.5 0.5
-0.5 -0.5 1.5
-0.5 -0.5 2.5
0.5 -0.5 -2.5
0.5 -0.5 -1.5
0.5 -0.5 -0.5
0.5 -0.5 0.5
0.5 -0.5 1.5
0.5 -0.5 2.5
1.5 -0.5 -2.5
1.5 -0.5 -1.5
1.5 -0.5 -0.5
1.5 -0.5 0.5
1.5 -0.5 1.5
1.5 -0.5 2.5
2.5 -0.5 -2.5
2.5 -0.5 -1.5
2.5 -0.5 -0.5
2.5 -0.5 0.5
2.5 -0.5 1.5
2.5 -0.5 2.5
-2.5 0.5 -2.5
-2.5 0.5 -1.5
-2.5 0.5 -0.5
-2.5 0.5 0.5
-2.5 0.5 1.5
-2.5 0.5 2.5
-1.5 0.5 -2.5
-1.5 0.5 -1.5
-1.5 0.5 -0.5
-1.5 0.5 0.5
-1.5 0.5 1.5
-1.5 0.5 2.5
-0.5 0.5 -2.5
-0.5 0.5 -1.5
-0.5 0.5 -0.5
-0.5 0.5 0.5
-0.5 0.5 1.5
-0.5 0.5 2.5
0.5 0.5 -2.5
0.5 0.5 -1.5
0.5 0.5 -0.5
0.5 0.5 0.5
0.5 0.5 1.5
0.5 0.5 2.5
1.5 0.5 -2.5
1.5 0.5 -1.5
1.5 0.5 -0.5
1.5 0.5 0.5
1.5 0.5 1.5
1.5 0.5 2.5
2.5 0.5 -2.5
2.5 0.5 -1.5
2.5 0.5 -0.5
2.5 0.5 0.5
2.5 0.5 1.5
2.5 0.5 2.5
-2.5 1.5 -2.5
-2.5 1.5 -1.5
-2.5 1.5 -0.5
-2.5 1.5 0.5
-2.5 1.5 1.5
-2.5 1.5 2.5
-1.5 1.5 -2.5
-1.5 1.5 -1.5
-1.5 1.5 -0.5
-1.5 1.5 0.5
-1.5 1.5 1.5
-1.5 1.5 2.5
-0.5 1.5 -2.5
-0.5 1.5 -1.5
-0.5 1.5 -0.5
-0.5 1.5 0.5
-0.5 1.5 1.5
-0.5 1.5 2.5
0.5 1.5 -2.5
0.5 1.5 -1.5
0.5 1.5 -0.5
0.5 1.5 0.5
0.5 1.5 1.5
0.5 1.5 2.5
1.5 1.5 -2.5
1.5 1.5 -1.5
1.5 1.5 -0.5
1.5 1.5 0.5
1.5 1.5 1.5
1.5 1.5 2.5
2.5 1.5 -2.5
2.5 1.5 -1.5
2.5 1.5 -0.5
2.5 1.5 0.5
2.5 1.5 1.5
2.5 1.5 2.5
-2.5 2.5 -2.5
-2.5 2.5 -1.5
-2.5 2.5 -0.5
-2.5 2.5 0.5
-2.5 2.5 1.5
-2.5 2.5 2.5
-1.5 2.5 -2.5
-1.5 2.5 -1.5
-1.5 2.5 -0.5
-1.5 2.5 0.5
-1.5 2.5 1.5
-1.5 2.5 2.5
-0.5 2.5 -2.5
-0.5 2.5 -1.5
-0.5 2.5 -0.5
-0.5 2.5 0.5
-0.5 2.5 1.5
-0.5 2.5 2.5
0.5 2.5 -2.5
0.5 2.5 -1.5
0.5 2.5 -0.5
0.5 2.5 0.5
0.5 2.5 1.5
0.5 2.5 2.5
1.5 2.5 -2.5
1.5 2.5 -1.5
1.5 2.5 -0.5
1.5 2.5 0.5
1.5 2.5 1.5
1.5 2.5 2.5
2.5 2.5 -2.5
2.5 2.5 -1.5
2.5 2.5 -0.5
2.5 2.5 0.5
2.5 2.5 1.5
2.5 2.5 2.5
MASS
1.0
1.0
1.0
1.0
1.0
1.0
1.0
1.0
1.0
1.0
1.0
1.0
1.0
1.0
1.0
1.0
1.0
1.0
1.0
1.0
1.0
1.0
1.0
1.0
1.0
1.0
1.0
1.0
1.0
1.0
1.0
1.0
1.0
1.0
1.0
1.0
1.0
1.0
1.0
1.0
1.0
1.0
1.0
1.0
1.0
1.0
1.0
1.0
1.0
1.0
1.0
1.0
1.0
1.0
1.0
1.0
1.0
1.0
1.0
1.0
1.0
1.0
1.0
1.0
1.0
1.0
1.0
1.0
1.0
1.0
1.0
1.0
1.0
1.0
1.0
1.0
1.0
1.0
1.0
1.0
1.0
1.0
1.0
1.0
1.0
1.0
1.0
1.0
1.0
1.0
1.0
1.0
1.0
1.0
1.0
1.0
1.0
1.0
1.0
1.0
1.0
1.0
1.0
1.0
1.0
1.0
1.0
1.0
1.0
1.0
1.0
1.0
1.0
1.0
1.0
1.0
1.0
1.0
1.0
1.0
1.0
1.0
1.0
1.0
1.0
1.0
1.0
1.0
1.0
1.0
1.0
1.0
1.0
1.0
1.0
1.0
1.0
1.0
1.0
1.0
1.0
1.0
1.0
1.0
1.0
1.0
1.0
1.0
1.0
1.0
1.0
1.0
1.0
1.0
1.0
1.0
1.0
1.0
1.0
1.0
1.0
1.0
1.0
1.0
1.0
1.0
1.0
1.0
1.0
1.0
1.0
1.0
1.0
1.0
1.0
1.0
1.0
1.0
1.0
1.0
1.0
1.0
1.0
1.0
1.0
1.0
1.0
1.0
1.0
1.0
1.0
1.0
1.0
1.0
1.0
1.0
1.0
1.0
1.0
1.0
1.0
1.0
1.0
1.0
1.0
1.0
1.0
1.0
1.0
1.0
1.0
1.0
1.0
1.0
1.0
1.0
VELOCITY
0.2777777777777778 0.2777777777777778 0.2777777777777778
0.2777777777777778 0.2777777777777778 0.16666666666666666
0.2777777777777778 0.2777777777777778 0.05555555555555555
0.2777777777777778 0.2777777777777778 -0.05555555555555555
0.2777777777777778 0.2777777777777778 -0.16666666666666666
0.2777777777777778 0.2777777777777778 -0.2777777777777778
0.16666666666666666 0.2777777777777778 0.2777777777777778
0.16666666666666666 0.2777777777777778 0.16666666666666666
0.16666666666666666 0.2777777777777778 0.05555555555555555
0.16666666666666666 0.2777777777777778 -0.05555555555555555
0.16666666666666666 0.2777777777777778 -0.16666666666666666
0.16666666666666666 0.2777777777777778 -0.2777777777777778
0.05555555555555555 0.2777777777777778 0.2777777777777778
0.05555555555555555 0.2777777777777778 0.16666666666666666
0.05555555555555555 0.2777777777777778 0.05555555555555555
0.05555555555555555 0.2777777777777778 -0.05555555555555555
0.05555555555555555 0.2777777777777778 -0.16666666666666666
0.05555555555555555 0.2777777777777778 -0.2777777777777778
-0.05555555555555555 0.2777777777777778 0.2777777777777778
-0.05555555555555555 0.2777777777777778 0.16666666666666666
-0.05555555555555555 0.2777777777777778 0.05555555555555555
-0.05555555555555555 0.2777777777777778 -0.05555555555555555
-0.05555555555555555 0.2777777777777778 -0.16666666666666666
-0.05555555555555555 0.2777777777777778 -0.2777777777777778
-0.16666666666666666 0.2777777777777778 0.2777777777777778
-0.16666666666666666 0.2777777777777778 0.16666666666666666
-0.16666666666666666 0.2777777777777778 0.05555555555555555
-0.16666666666666666 0.2777777777777778 -0.05555555555555555
-0.16666666666666666 0.2777777777777778 -0.16666666666666666
-0.16666666666666666 0.2777777777777778 -0.2777777777777778
-0.2777777777777778 0.2777777777777778 0.2777777777777778
-0.2777777777777778 0.2777777777777778 0.16666666666666666
-0.2777777777777778 0.2777777777777778 0.05555555555555555
-0.2777777777777778 0.2777777777777778 -0.05555555555555555
-0.2777777777777778 0.2777777777777778 -0.16666666666666666
-0.2777777777777778 0.2777777777777778 -0.2777777777777778
0.2777777777777778 0.16666666666666666 0.2777777777777778
0.2777777777777778 0.16666666666666666 0.16666666666666666
0.2777777777777778 0.16666666666666666 0.05555555555555555
0.2777777777777778 0.16666666666666666 -0.05555555555555555
0.2777777777777778 0.16666666666666666 -0.16666666666666666
0.2777777777777778 0.16666666666666666 -0.2777777777777778
0.16666666666666666 0.16666666666666666 0.2777777777777778
0.16666666666666666 0.16666666666666666 0.16666666666666666
0.16666666666666666 0.16666666666666666 0.05555555555555555
0.16666666666666666 0.16666666666666666 -0.05555555555555555
0.16666666666666666 0.16666666666666666 -0.16666666666666666
0.16666666666666666 0.16666666666666666 -0.2777777777777778
0.05555555555555555 0.16666666666666666 0.2777777777777778
0.05555555555555555 0.16666666666666666 0.16666666666666666
0.05555555555555555 0.16666666666666666 0.05555555555555555
0.05555555555555555 0.16666666666666666 -0.05555555555555555
0.05555555555555555 0.16666666666666666 -0.16666666666666666
0.05555555555555555 0.16666666666666666 -0.2777777777777778
-0.05555555555555555 0.16666666666666666 0.2777777777777778
-0.05555555555555555 0.16666666666666666 0.16666666666666666
-0.05555555555555555 0.16666666666666666 0.05555555555555555
-0.05555555555555555 0.16666666666666666 -0.05555555555555555
-0.05555555555555555 0.16666666666666666 -0.16666666666666666
-0.05555555555555555 0.16666666666666666 -0.2777777777777778
-0.16666666666666666 0.16666666666666666 0.2777777777777778
-0.16666666666666666 0.16666666666666666 0.16666666666666666
-0.16666666666666666 0.16666666666666666 0.05555555555555555
-0.16666666666666666 0.16666666666666666 -0.05555555555555555
-0.16666666666666666 0.16666666666666666 -0.16666666666666666
-0.16666666666666666 0.16666666666666666 -0.2777777777777778
-0.2777777777777778 0.16666666666666666 0.2777777777777778
-0.2777777777777778 0.16666666666666666 0.16666666666666666
-0.2777777777777778 0.16666666666666666 0.05555555555555555
-0.2777777777777778 0.16666666666666666 -0.05555555555555555
-0.2777777777777778 0.16666666666666666 -0.16666666666666666
-0.2777777777777778 0.16666666666666666 -0.2777777777777778
0.2777777777777778 0.05555555555555555 0.2777777777777778
0.2777777777777778 0.05555555555555555 0.16666666666666666
0.2777777777777778 0.05555555555555555 0.05555555555555555
0.2777777777777778 0.05555555555555555 -0.05555555555555555
0.2777777777777778 0.05555555555555555 -0.16666666666666666
0.2777777777777778 0.05555555555555555 -0.2777777777777778
0.16666666666666666 0.05555555555555555 0.2777777777777778
0.16666666666666666 0.05555555555555555 0.16666666666666666
0.16666666666666666 0.05555555555555555 0.05555555555555555
0.16666666666666666 0.05555555555555555 -0.05555555555555555
0.16666666666666666 0.05555555555555555 -0.16666666666666666
0.16666666666666666 0.05555555555555555 -0.2777777777777778
0.05555555555555555 0.05555555555555555 0.2777777777777778
0.05555555555555555 0.05555555555555555 0.16666666666666666
0.05555555555555555 0.05555555555555555 0.05555555555555555
0.05555555555555555 0.05555555555555555 -0.05555555555555555
0.05555555555555555 0.05555555555555555 -0.16666666666666666
0.05555555555555555 0.05555555555555555 -0.2777777777777778
-0.05555555555555555 0.05555555555555555 0.2777777777777778
-0.05555555555555555 0.05555555555555555 0.16666666666666666
-0.05555555555555555 0.05555555555555555 0.05555555555555555
-0.05555555555555555 0.05555555555555555 -0.05555555555555555
-0.05555555555555555 0.05555555555555555 -0.16666666666666666
-0.05555555555555555 0.05555555555555555 -0.2777777777777778
-0.16666666666666666 0.05555555555555555 0.2777777777777778
-0.16666666666666666 0.05555555555555555 0.16666666666666666
-0.16666666666666666 0.05555555555555555 0.05555555555555555
-0.16666666666666666 0.05555555555555555 -0.05555555555555555
-0.16666666666666666 0.05555555555555555 -0.16666666666666666
-0.16666666666666666 0.05555555555555555 -0.2777777777777778
-0.2777777777777778 0.05555555555555555 0.2777777777777778
-0.2777777777777778 0.05555555555555555 0.16666666666666666
-0.2777777777777778 0.05555555555555555 0.05555555555555555
-0.2777777777777778 0.05555555555555555 -0.05555555555555555
-0.2777777777777778 0.05555555555555555 -0.16666666666666666
-0.2777777777777778 0.05555555555555555 -0.2777777777777778
0.2777777777777778 -0.05555555555555555 0.2777777777777778
0.2777777777777778 -0.05555555555555555 0.16666666666666666
0.2777777777777778 -0.05555555555555555 0.05555555555555555
0.2777777777777778 -0.05555555555555555 -0.05555555555555555
0.2777777777777778 -0.05555555555555555 -0.16666666666666666
0.2777777777777778 -0.05555555555555555 -0.2777777777777778
0.16666666666666666 -0.05555555555555555 0.2777777777777778
0.16666666666666666 -0.05555555555555555 0.16666666666666666
0.16666666666666666 -0.05555555555555555 0.05555555555555555
0.16666666666666666 -0.05555555555555555 -0.05555555555555555
0.16666666666666666 -0.05555555555555555 -0.16666666666666666
0.16666666666666666 -0.05555555555555555 -0.2777777777777778
0.05555555555555555 -0.05555555555555555 0.2777777777777778
0.05555555555555555 -0.05555555555555555 0.16666666666666666
0.05555555555555555 -0.05555555555555555 0.05555555555555555
0.05555555555555555 -0.05555555555555555 -0.05555555555555555
0.05555555555555555 -0.05555555555555555 -0.16666666666666666
0.05555555555555555 -0.05555555555555555 -0.2777777777777778
-0.05555555555555555 -0.05555555555555555 0.2777777777777778
-0.05555555555555555 -0.05555555555555555 0.16666666666666666
-0.05555555555555555 -0.05555555555555555 0.05555555555555555
-0.05555555555555555 -0.05555555555555555 -0.05555555555555555
-0.05555555555555555 -0.05555555555555555 -0.16666666666666666
-0.05555555555555555 -0.05555555555555555 -0.2777777777777778
-0.16666666666666666 -0.05555555555555555 0.2777777777777778
-0.16666666666666666 -0.05555555555555555 0.16666666666666666
-0.16666666666666666 -0.05555555555555555 0.05555555555555555
-0.16666666666666666 -0.05555555555555555 -0.05555555555555555
-0.16666666666666666 -0.05555555555555555 -0.16666666666666666
-0.16666666666666666 -0.05555555555555555 -0.2777777777777778
-0.2777777777777778 -0.05555555555555555 0.2777777777777778
-0.2777777777777778 -0.05555555555555555 0.16666666666666666
-0.2777777777777778 -0.05555555555555555 0.05555555555555555
-0.2777777777777778 -0.05555555555555555 -0.05555555555555555
-0.2777777777777778 -0.05555555555555555 -0.16666666666666666
-0.2777777777777778 -0.05555555555555555 -0.2777777777777778
0.2777777777777778 -0.16666666666666666 0.2777777777777778
0.2777777777777778 -0.16666666666666666 0.16666666666666666
0.2777777777777778 -0.16666666666666666 0.05555555555555555
0.2777777777777778 -0.16666666666666666 -0.05555555555555555
0.2777777777777778 -0.16666666666666666 -0.16666666666666666
0.2777777777777778 -0.16666666666666666 -0.2777777777777778
0.16666666666666666 -0.16666666666666666 0.2777777777777778
0.16666666666666666 -0.16666666666666666 0.16666666666666666
0.16666666666666666 -0.16666666666666666 0.05555555555555555
0.16666666666666666 -0.16666666666666666 -0.05555555555555555
0.16666666666666666 -0.16666666666666666 -0.16666666666666666
0.16666666666666666 -0.16666666666666666 -0.2777777777777778
0.05555555555555555 -0.16666666666666666 0.2777777777777778
0.05555555555555555 -0.16666666666666666 0.16666666666666666
0.05555555555555555 -0.16666666666666666 0.05555555555555555
0.05555555555555555 -0.16666666666666666 -0.05555555555555555
0.05555555555555555 -0.16666666666666666 -0.16666666666666666
0.05555555555555555 -0.16666666666666666 -0.2777777777777778
-0.05555555555555555 -0.16666666666666666 0.2777777777777778
-0.05555555555555555 -0.16666666666666666 0.16666666666666666
-0.05555555555555555 -0.16666666666666666 0.05555555555555555
-0.05555555555555555 -0.16666666666666666 -0.05555555555555555
-0.05555555555555555 -0.16666666666666666 -0.16666666666666666
-0.05555555555555555 -0.16666666666666666 -0.2777777777777778
-0.16666666666666666 -0.16666666666666666 0.2777777777777778
-0.16666666666666666 -0.16666666666666666 0.16666666666666666
-0.16666666666666666 -0.16666666666666666 0.05555555555555555
-0.16666666666666666 -0.16666666666666666 -0.05555555555555555
-0.16666666666666666 -0.16666666666666666 -0.16666666666666666
-0.16666666666666666 -0.16666666666666666 -0.2777777777777778
-0.2777777777777778 -0.16666666666666666 0.2777777777777778
-0.2777777777777778 -0.16666666666666666 0.16666666666666666
-0.2777777777777778 -0.16666666666666666 0.05555555555555555
-0.2777777777777778 -0.16666666666666666 -0.05555555555555555
-0.2777777777777778 -0.16666666666666666 -0.16666666666666666
-0.2777777777777778 -0.16666666666666666 -0.2777777777777778
0.2777777777777778 -0.2777777777777778 0.2777777777777778
0.2777777777777778 -0.2777777777777778 0.16666666666666666
0.2777777777777778 -0.2777777777777778 0.05555555555555555
0.2777777777777778 -0.2777777777777778 -0.05555555555555555
0.2777777777777778 -0.2777777777777778 -0.16666666666666666
0.2777777777777778 -0.2777777777777778 -0.2777777777777778
0.16666666666666666 -0.2777777777777778 0.2777777777777778
0.16666666666666666 -0.2777777777777778 0.16666666666666666
0.16666666666666666 -0.2777777777777778 0.05555555555555555
0.16666666666666666 -0.2777777777777778 -0.05555555555555555
0.16666666666666666 -0.2777777777777778 -0.16666666666666666
0.16666666666666666 -0.2777777777777778 -0.2777777777777778
0.05555555555555555 -0.2777777777777778 0.2777777777777778
0.05555555555555555 -0.2777777777777778 0.16666666666666666
0.05555555555555555 -0.2777777777777778 0.05555555555555555
0.05555555555555555 -0.2777777777777778 -0.05555555555555555
0.05555555555555555 -0.2777777777777778 -0.16666666666666666
0.05555555555555555 -0.2777777777777778 -0.2777777777777778
-0.05555555555555555 -0.2777777777777778 0.2777777777777778
-0.05555555555555555 -0.2777777777777778 0.16666666666666666
-0.05555555555555555 -0.2777777777777778 0.05555555555555555
-0.05555555555555555 -0.2777777777777778 -0.05555555555555555
-0.05555555555555555 -0.2777777777777778 -0.16666666666666666
-0.05555555555555555 -0.2777777777777778 -0.2777777777777778
-0.16666666666666666 -0.2777777777777778 0.2777777777777778
-0.16666666666666666 -0.2777777777777778 0.16666666666666666
-0.16666666666666666 -0.2777777777777778 0.05555555555555555
-0.16666666666666666 -0.2777777777777778 -0.05555555555555555
-0.16666666666666666 -0.2777777777777778 -0.16666666666666666
-0.16666666666666666 -0.2777777777777778 -0.2777777777777778
-0.2777777777777778 -0.2777777777777778 0.2777777777777778
-0.2777777777777778 -0.2777777777777778 0.16666666666666666
-0.2777777777777778 -0.2777777777777778 0.05555555555555555
-0.2777777777777778 -0.2777777777777778 -0.05555555555555555
-0.2777777777777778 -0.2777777777777778 -0.16666666666666666
-0.2777777777777778 -0.2777777777777778 -0.2777777777777778
